010101011
001111100
100000011
111000000
000001111
001111100
010101110
001111100
100000011
111000000
000001111
001111100
010101110
001111100
100000011
111000000
000001111
001111100
000100000
000010001
100000001
000010010
000100010
000010010
100000010
000010011
000100011
000010011
100000000
000010100
000010101
000010110
000010111
000011000
111100110
000011001
000000000
001110000
100000001
001110100
000000000
001110000
001110101
001110110
000000000
001110000
000000111
010010011
100000000
010010010
010010001
100000000
011000010
000011000
100000000
011000001
001101000
000011000
111111111
001100011
011000111
001101000
010111001
100000100
000110110
100000101
000110101
100000110
000110100
011111111