000000000
000010101
000010001
000010010
000010111
111101111
000011001
100001100
000011000
000100000
000010011
000000101
010000011
010101000
000000000
001110000
100000001
001100101
000010101
000100101
001110010
000000000
001110001
000000101
010111001
000000000
000010100
000010101
000010110
000011000
111100111
000011001
000000000
001110000
100000001
001110100
000000000
001110101
001110110
000000000
001110000
000000011
010010111
100000000
010010010
010010001
100000000
011000010
000011000
100000000
011000001
001101000
000011000
111111111
001100011
011000111
001101000
010111001
111111111
000110101
000100000
000010101
000000000
000010001
000010010
000010111
111101111
000011001
100001100
000011000
000100000
000010011
001000000
000010110
000000101
010000110
010101000
000000000
001110000
100000001
001100101
000010101
000100101
001110010
000000000
001110001
000000101
010111001
000000000
000010100
000010101
000010110
000011000
111100111
000011001
000000000
001110000
100000001
001110100
000000000
001110101
001110110
000000000
001110000
000000011
010010111
100000000
010010010
010010001
100000000
011000010
000011000
100000000
011000001
001101000
000011000
111111111
001100011
011000111
001101000
010111001
111111101
000110101
000000000
000010010
110100100
000011010
000100000
000010011
000000010
010000010
101011101
000011001
010101001
100000001
001100010
000010010
000000000
000010011
000010100
000010101
000010110
000010111
000011000
111111111
000010100
000100100
000010100
000000000
001110000
000100010
010010100
000000000
010010011
000100000
001100010
000010010
111111101
000010110
000100110
000010110
000000000
001110000
000100010
010010110
000000000
010010101
111100000
000011011
011010100
010101111
000000000
001110000
000000110
001111000
000000101
001110111
000000101
001000000
011100110
001100101
000010101
000000110
001000000
000010110
000000100
001010000
011010011
001000000
001000000
001000000
001000000
001000000
001000000
001000000
001100100
000010100
000000011
001010000
000010011
001100100
010101011
000000000
001110000
111111001
000010100
000100100
001111000
111111010
000010011
000100011
001110111
111111001
000111000
111111010
000110111
000100000
000010001
000000010
010000001
000010010
010101010
111111010
000010001
000100001
000010001
111111001
000010010
000100010
000010010
000100000
000010011
100000000
000010100
000010101
000010111
000010110
000011000
111100111
000011001
000000000
001110000
100000001
001110100
000000000
001110101
001110110
000000000
001110000
000000011
010010111
100000000
010010010
010010001
100000000
011000010
000011000
100000000
011000001
001101000
000011000
111111111
001100011
011000111
001101000
010111001
000100000
001000000
000010001
100000001
001100001
000010001
000110101
100000001
001100001
000110100
011111111