000000000
000010101
000010001
000010010
000010111
111101000
000011001
100010011
000011000
000100000
000010011
001000000
000010110
000000101
010000110
010101000
000000000
001110000
100000010
001100101
000010101
000100101
001110111
111111111
001100101
000010101
000100101
001110010
000000000
001110001
100000001
001100101
000010101
010111001
000000000
000010100
000010101
000010110
000011000
111100111
000011001
000000000
001110000
100000001
001110100
000000000
001110101
001110110
000000000
001110000
000000011
010010111
100000000
010010010
010010001
100000000
011000010
000011000
100000000
011000001
001101000
000011000
111111111
001100011
011000111
001101000
010111001
000100000
001000000
000010001
100000001
001100001
000010001
000110101
100000001
001100001
000110100
011111111